.Random.seed <-
c(403L, 10L, -1987916311L, -1550738760L, -1548206746L, -123898367L, 
-1501028205L, 1119722306L, 1469240564L, -1410318089L, 161069293L, 
-1109099644L, -561162838L, 66046741L, -1101219409L, -1317865034L, 
-396156960L, 1023323939L, -1287798719L, 497916720L, -1631874738L, 
-885898311L, 200357323L, -2124380550L, -1608537220L, 906683327L, 
-1362867051L, 708383404L, 172281986L, -61120419L, 1545672535L, 
1917422142L, 1461583480L, -1821237925L, -1620718407L, -1554520824L, 
287500214L, -777401103L, -212235485L, 47926642L, 799139780L, 
179913607L, 1070666077L, -736293036L, -1865738886L, 946073797L, 
-1935650273L, -1483139674L, 878008112L, -1279468077L, -940413967L, 
890129696L, 452578238L, 2010792905L, 1146459003L, 85487946L, 
1491230124L, -1930418001L, -2025917851L, -1813829092L, 352224370L, 
-1491404051L, 1230300967L, -1288764594L, 1378880424L, -1525895253L, 
711752905L, -247329576L, 1716998534L, -2130646943L, -1799796237L, 
421017698L, 778317524L, -647972905L, 1048913357L, 1664549220L, 
929678666L, -392837963L, 1889027087L, -2075697898L, -802396224L, 
1177031555L, -456187487L, 1991560592L, 721960558L, 736061465L, 
-1543195477L, -253917030L, 1945720924L, 657397087L, -2005147851L, 
-1202572596L, 1196584994L, 685120125L, -1224167561L, 1731403934L, 
1164304216L, -113407301L, -1561144231L, -1393782808L, -618735082L, 
-19456623L, -1894693309L, -1413671598L, -114230812L, -285034457L, 
-1100299139L, 1210083700L, -1048795814L, 307344293L, 310453183L, 
979161158L, 141991632L, -1079400205L, -854082031L, -1319352256L, 
-117507042L, -983065879L, 922910747L, -1070299094L, -904619188L, 
-1806780145L, 774270021L, 1367469564L, 777182290L, 677084621L, 
-2113233017L, 1977293422L, 1985239624L, -1224561589L, -705442391L, 
1585438968L, 1957577766L, -1127512767L, -477187373L, 1913780866L, 
1184178356L, 412012599L, -1800977619L, 545650756L, -1138096790L, 
1253224917L, 139847535L, 2026348150L, -1261956704L, 1028740707L, 
-97620223L, 1337040496L, 200849934L, 811659897L, 594763275L, 
1205940026L, 1044403772L, 1883519L, -538784043L, -615997716L, 
-1877233598L, 1448253341L, 321857047L, 224025470L, -1796114120L, 
1104107035L, -841730183L, 119828936L, -1018024458L, -40988623L, 
1647909475L, 1037092402L, 1118393220L, -163040825L, 218339485L, 
-919072748L, -2092734790L, -863602939L, 1886590175L, -1100458650L, 
254615792L, -2052217837L, -852350543L, 1153508448L, 1567027710L, 
1951815049L, -1987636549L, 1739193994L, -1465370260L, 1667464943L, 
-1862547163L, -2017318948L, -1780759118L, -167979859L, 486274151L, 
1827310478L, -1099903896L, 1507436651L, -1962986999L, 1276083352L, 
-315183162L, 1160200993L, -799010893L, 288335650L, -744785644L, 
1736399255L, -90420851L, -594177884L, 1541982858L, 2039939317L, 
1993140047L, -872718250L, 943344384L, -2128937405L, -1723283999L, 
213422416L, -1335277650L, 240549209L, -753595541L, 1168804570L, 
-1858524260L, 1279063967L, 1903312373L, -465907572L, 1612943714L, 
-23294659L, 1358626231L, -2114598306L, -435479656L, -875842821L, 
1102117529L, 1543766824L, 1498771926L, -48553246L, 1709953192L, 
-1557734196L, 1406112252L, -647026766L, -1244968464L, 1597191620L, 
834155352L, 564137850L, 952985008L, -1253319236L, -1340249004L, 
-1958031422L, 890705696L, -725310532L, -154624432L, -1536304670L, 
-1833835160L, -719956660L, 589757692L, 70050546L, 1470368512L, 
-1555304844L, -670630904L, -707458630L, -2118685744L, 1570018796L, 
267386772L, 1779257042L, -1865069984L, 1728828748L, 123506976L, 
-365779326L, 1811891688L, 1595759596L, 1767184956L, -1934711182L, 
-1470194832L, 1928591652L, -1769608648L, 1454614938L, 1830989264L, 
-89600580L, -36182892L, -1218850686L, 194852288L, 460818236L, 
969496720L, -1419048158L, -845757944L, 692289804L, -2106054244L, 
136387090L, -1314545792L, 922399508L, 1228282152L, -931569606L, 
2079691728L, 812140140L, 1218490932L, 314283666L, 320769376L, 
734732620L, 641135584L, 1462960546L, 1409966504L, 246791820L, 
720287164L, -1118952846L, -687395856L, 2061638212L, 1960534104L, 
1237087290L, -1908892560L, 62342204L, 1437326612L, 1598546626L, 
1158813408L, -738141060L, -2043264304L, -962829918L, -648997848L, 
1490491148L, -1159215684L, -1182406862L, 1823641280L, 2100176948L, 
-41554232L, -1167415110L, 1405387408L, 1212344044L, -1889430956L, 
-621605230L, -2052729568L, 163634636L, 602779360L, -896729918L, 
1213553704L, -685071444L, 238175932L, -1688041486L, 831304240L, 
-342172764L, 1311811000L, -1855764646L, -129574768L, -987879556L, 
-822270700L, 1381351746L, -5636864L, 1036509628L, 614899024L, 
-899806942L, 601666120L, -1976132596L, 1795748444L, 194164178L, 
516128256L, -1360047788L, 2109342952L, 2107414778L, -1217662256L, 
1966808876L, -1487979276L, -1655278190L, -745789088L, 1789650956L, 
152643808L, -1383291294L, -449122136L, 2102270028L, 201742204L, 
-126444238L, -1693151632L, 884787012L, -1245475880L, -2135421062L, 
-104152016L, -734928964L, -251979180L, 1823526978L, -2025302368L, 
-2024469828L, -1911371824L, -1436112542L, -737817880L, 651777228L, 
-1520023044L, 1247703538L, -361656192L, 1538371060L, -1320957304L, 
-713898182L, 1300773200L, -204081044L, -514718316L, 2049993810L, 
-1689644576L, -1056554804L, -971429216L, -1728351870L, -1168288536L, 
-893338900L, 1471115580L, 1093250162L, -949363088L, 30987812L, 
1678876728L, 46478618L, 912224464L, -2039091908L, 684150676L, 
1752151938L, 1106735040L, 754363964L, 930652560L, -1792130014L, 
-1339121400L, 686892172L, -1736420580L, -1587326830L, -420527744L, 
-1785840620L, -1856325848L, -2111340998L, 434151888L, -1917722260L, 
2034806708L, 380974610L, -1232825376L, -435726900L, -2065283872L, 
-2035906526L, -109146328L, -440302068L, -117814468L, -2111218702L, 
-93859088L, -1619557820L, -475027880L, -1948782790L, 845147120L, 
1295408828L, -1855529708L, 709607618L, 238683232L, 442667388L, 
111742928L, -958895838L, -1714217304L, -994094196L, -708111172L, 
-732666062L, -761302464L, -1657090892L, -1406049208L, 1067368890L, 
98004496L, 1598736620L, 1575145812L, 386772754L, 437908896L, 
-1654142260L, 2094786144L, 276447170L, -1781785816L, 1122985388L, 
529859983L, 1036376793L, 1207530862L, 415750396L, 170975853L, 
-667845097L, -1205339168L, 1602734014L, -987466357L, 1123919373L, 
2063153722L, -1323462024L, 178108961L, 2019988691L, 104928244L, 
-1623182206L, 545922327L, -949924895L, 866082086L, 1255234596L, 
-764766507L, 1353241215L, 530039576L, -319743434L, 1806646467L, 
-325873403L, -961378142L, 70065808L, -2105894343L, -275045653L, 
-341793828L, 752600586L, 583923967L, 45456713L, -259698978L, 
1501197452L, 955024477L, -918488473L, -1700551792L, -1543288914L, 
-1249606053L, 1376246333L, 329608362L, -93840056L, 1075192177L, 
622315235L, -994095644L, 294830354L, 600063207L, -511128911L, 
-1820569354L, -434824428L, -1197214683L, -668085969L, -752425240L, 
1652020166L, 345654899L, 1897277653L, -360582478L, 80050816L, 
-355075479L, 128855771L, -541259220L, 1580991034L, -287437585L, 
337764217L, -1925946354L, 237033948L, 90913357L, -1694299721L, 
-1799444672L, 1409670686L, -252106517L, -246818707L, -923143974L, 
1630146712L, -157096191L, 817556659L, 1246873556L, -1647533342L, 
1525597047L, -18583871L, -5904826L, -1003005564L, 566142773L, 
1712968991L, -18383752L, -671684266L, 1048315875L, 737874341L, 
-908213182L, -115336656L, 1295053401L, -233266229L, -1469758404L, 
891112042L, 747128991L, 1426710825L, 2080339390L, 1231226028L, 
1008108029L, 612092231L, 1367048752L, 1111786318L, 228083579L, 
-312020771L, 688896266L, -1244701656L, -74297199L, -2076285821L, 
-528759420L, 1639244722L, 745909511L, 268416849L, 2002286294L, 
428158900L, -547520571L, 2046918415L, 2106621320L, 1829607590L, 
-154007469L, -449875531L, -220334318L, -1626530592L, 217477449L, 
-406008965L, -165136820L, 989595610L, 1436734927L, -497867879L, 
-2031209554L, 1613084860L, 2060292397L, -1756306729L, -1790833888L, 
-1414435714L, 115102283L, -638263219L, 1394867834L, -179902792L, 
-832576415L, -1200978413L, 980454452L, -1268993470L, 1362138711L, 
-1225298527L, -1983492506L, -898187676L, -1751761515L, -1301696833L, 
